210335142
1493880843
1515887772
2065691584 
7302324542
6026683340
5145286533
1964869820
2405891625
4569057314
1212820502
753407639
3932749912
3324830962
5645155544
7833901534
1077626079
3835461265
5284400230
605178045
2024419589
3023097767
5159856573
3473229964
3127797457
8113369811
2221462774
2234312412
527137805
3293803905
3343410496
408488642
7244178283
2002224213
3800730540
3863771588
3049030557
544085101
1738511377
5691863059
84886114
2029921851
992952802
1851153810
887747709
8127836920
7675038458
2756759010
5481890651
3158504679
5777777002
3306475973
7862006640
1390818077
665620899
153510696
4483613967
3002053556
1110115944
2685575090
3909525315
8060532294
3222358417
1905828179
8133829230
143338129
8099174267
6004524429
7524346671
8081955160
1200508191
7021085505
7623533332
3849062422
1551222699
7876405841
7965285849
5388287056
1129088307
7910067889
7912803466
3623551634
6172798192
4939587811
2858877752
7941087895
8014871286
5292474489
143338129
5831317578
4067489874
3849062422
7408542074
3953762346
7257108630
7821501574
7680383185
3660956655
4581707696
7150952948
5651428488
7747178809
3518755500
8121283956
1986451533
4497220975
5564352622
143338129
4497953683
7802141739
6110576037
4272986463
3849062422
6041117042
6176881925
7343648069
7963061832
4027056937
7509730343
5445921656
1865602440
7660685216
3486546164
7339618898
6213033195
6154087684
4334479277
3997410233
5416761443
7744109355
7620757416
3730847894
5857373749
3934344629
2761793079
7758646590
7206131334
6192365423
1103111831
1851190646
1950427563
7936133765
7871815496
7783423758
5673922568
6187709643
7676518525
1497041270
7787931126
4801900965
7802141739
7018562253
7680383185
5015032248
7557721889
143338129
1784725751
2429706072
4957924995
5055470980
7917166993
7911654770
5373679255
2538984403
5351546575
1572914900
7875706427
1136757663
4584917835
7475105485
3634086178
3934696913
5664894912
7880481417
5003720751
3564569615
584290002
3526009
5368772209
3747050747
7150199699
7038427569
3659430292
7599479309
4222263086
7720131279
6128637099
7513451449
7775573830
1871908312
4009147100
7487580225
5819614236
3572694965
4335174693
7678434648
3956872941
2783172926
3416504503
3682129713
5360317674
7003361034
1168023103
2219551182
7811421183
7869540357
4037876248
7798596054
7741429607
6164667544
7758945314
7809715507
1353604408
7726628407
7676518525
143338129
7675509757
7803725044
7401940560
7865763163
7691778140
33386692
143338129
7686675039
7771309190
7775521121
7531569763
7777632286
7745990245
7776476769
7300824247
7776874035
143338129
6223558866
5651937887
6053150587
1178484148
3586083002
8086374495
7640108680
7723799136
4447345791
7846696371
5204050297
8044405352
4973322236
7654343793
7207520586
7921830513
4871911397
1971990582
7888382857
8038837805
4062348449
7681111417
8031540871
8018690121
4877168832
3820624664
8024188734
8025189314
7632165111
8031380081
7985643788
3953762346
8015369941
7094911284
2927717562
2967480188
7497799490
7365909932
246679578
7890518965
4417624921
7946673624
7814576940
7538473730
2775220208
7902609211
7922289277
7977942080
7978576965
7961019343
5860674260
7857329309
3065876911
6159915224
3552529169
7973802843
7884129285
7189893133
7212847145
4800647955
104348086
7604940356
5466573371
5857373749
807550862
4371081490
7901971972
7077576462
7948714625
7673970191
7912446633
1491167264
7880774233
7892093298
7939248683
3949370161
1794450115
7917455487
4701162057
7927001817
7917453428
4497953683
7917141923
4746931509
7255974989
7911421415
7844523435
5857026258
7891629293
7676317689
7741808423
7880481417
7870787857
6176881925
7603556497
4463455304
7615057294
7634824897
7696899551
4391687162
7741429607
7780842587
7667056750
1675212804
4118486048
516478005
7399950571
7724404730
6145602628
143338129
2663211288
7628823760
7838587454
7135944666
7856339871
3048147443
7847980865
7057704844
5214026026
1251699276
2431814518
7303010205
7912803466
1971874396
7851937582
1899148922
1718830920
8067365781
1726098902
8011174994
3151339683
7977328990
2819183285
8067431892
7015514343
7828880428
4729991305
3205664591
7148943342
7925833952
1910306993
2417033393
8014009098
7270060728
7389663225
7459575474
3683896681
7821084249
7967656638
7877616830
7902609211
446107235
7408001649
945282644
2455460535
3042611961
7922546120
7826614867
1675212804
2066261190
7460774284
5381406307
4587699019
6160763650
7193531758
6122198277
7703412418
7628823760
7775573830
3434399164
7809549159
7251028246
6172798192
3442760865
4801900965
6128637099
3682129713
3743091276
4686823406
4127340204
2783172926
64951464
7701901642
143338129
7765316929
7626974150
5320899405
5704841690
3232937389
7475105485
3572694965
7509730343
5858230754
4392517168
1737106029
3679893388
358918516
4007167157
5588719774
7548466091
7584173310
2791322414
3526009
3852023091
2657066634
7135944666
5651937887
4912817419
112442456
7492921966
5380300326
3721779170
6115044096
4070578697
2455460535
3335155787
1899148922
7159896052
2488846089
3800736512
4979257998
4186075529
7205300287
5503321752
1675212804
3949370161
7509730343
391569766
3137855817
2066261190
5623234099
7648926492
4497953683
4293407995
1726098902
7070531570
7792948944
7774601702
584290002
5612512245
3682129713
3572694965
4297481828
1871908312
5827793778
7601563661
7513451449
4814539139
7599479309
3416504503
7470301897
7667791853
7721904135
7696580466
6037689433
5047014861
1216777660
4148017209
3525810155
7708269509
7720131279
5420701813
4009147100
7700741990
6185286012
7715874668
6231051847
7678434648
4335174693
5491358661
6206446160
6136925266
143338129
3953762346
7135944666
2792161191
7674397971
7708080658
7487580225
7211438603
3956872941
7175240546
3659430292
2783172926
5819614236
7691439437
5806486980
7681824790
5003720751
7684761948
3683896681
6206079056
7038427569
6205008471
5272178013
7681111417
5707347613
2429706072
7019443622
6174400779
7682088515
5119624272
2861258967
7648056142
4353052538
4912817419
2761793079
7315190313
7026332359
6107399720
909056915
6193040346
3999911378
7486933515
2219551182
5192891052
7584173310
7245294620
7018562253
7659963129
5275169217
6205008337
7640313920
7447182075
3759073912
7426031497
8133671693
4246071191
7699801831
7664096661
7816090544
7719352799
5695732210
8112601743
8131558702
688567444
8129735407
5840215471
8099609706
8029291637
5188888219
8055456419
6077934454
807550862
6064150923
4147277525
8115598684
4547367494
7891275439
7870796607
7169750371
4397032721
8113118638
5351546575
7280864299
7772071565
7584124608
8112950649
7656546147
8043976752
2378794348
7839707457
8076760951
3086772510
8046576662
7935444660
8092936236
2660470134
8058152354
8082888001
7570213879
8082484934
8083044125
7459575474
7372678979
2549399547
8063621712
2810200374
7025384847
5334472251
7739843160
8048764992
7640108680
7912803466
7866009053
7817888691
8051398974
4729991305
945282644
8025105669
2766541883
3620761192
7933708157
1254716194
5409600436
8040846953
8046805282
5857373749
8047482850
8046588677
7411838594
7270697107
7991014848
7875104048
7969245853
7145994221
3949370161
7880305176
7998480704
7897526060
5445921656
7991565728
7985965793
7990501020
5773146030
1638548115
5329919796
7840670314
6230108566
7802790789
7666578734
3806444755
5857026258
3878759226
7863415272
7814576940
7977373565
7961019343
7976584856
7973802843
7972621453
7968469279
7722826899
7894466392
7070504152
4574384774
3050280055
7448496993
7947732869
7152936545
2219872087
3730011227
1246721696
7884129285
1505168994
7958680159
7960624537
7956487978
7684671731
7804311074
7944287202
584290002
7937422168
516368633
6088171026
7917268404
4447345791
5041780170
7938295061
7841348045
5246626917
7904424534
3524121235
7894905361
232704843
7680383185
4095387416
2021988275
7760973554
5863973537
5292474489
7798196512
4146462422
5237405510
2685298456
1678717336
5632199467
1335463640
7573010665
7715932519
7797263937
1707272259
3350650274
7917166993
7363270442
7875706427
1809980608
7633281010
7577304736
7823232376
7880481417
7509730343
7728516940
4111158761
7774703638
3137855817
1499441202
7871815496
5819772373
7254877688
7867621963
5741852745
7871268257
7867274092
7874045772
7659518638
7857884357
7871622303
7758798549
7869093066
7522622193
7401940560
7858001450
3564569615
7489506425
7858409185
7862149216
7747756303
7855006252
7732486927
7861154719
7862565755
3980943053
7735591229
698898113
6192365423
7724220583
7800391646
7776874035
33386692
174904699
4043999094
7617875490
7481470701
7565932795
7006676396
8133671693
8136699532
8101209724
3622393007
8111157041
5014501508
8042468234
246679578
7214977989
7876405841
7886325480
7965952472
8100479050
7029038225
3104296071
4334479277
3559994556
7788550307
7844157070
7517201158
7721793707
3524121235
1906233694
7169750371
7892093298
3731072916
1284152869
8014871286
7933708157
1933326634
8026985343
8026993948
7152936545
1662691545
1746121088
7984942582
1680966236
4557670259
4954603115
5520453953
7189893133
4830450779
7978177707
4800647955
7961019343
3888555936
7548480882
7601933224
3900897505
5857373749
5204050297
2437283596
7667056750
7956487978
7906084885
4417624921
3683896681
5664894912
7814576940
5597621576
7946043155
247832904
7944347213
1531464080
7269767930
7692813580
7917166993
7792618683
98911203
7916565884
7795674715
7513948474
524925216
5351546575
3282522987
7905862558
7902609211
7633281010
2577488697
5464656301
4970711952
7811421183
7849292693
7741429607
7619876743
6164667544
7871815496
7872793603
7802141739
5641978732
2416306695
7861154719
843788270
7856221193
7610931450
1858914402
7853211176
7435593586
7842246174
7834266320
5460873110
7833013662
7250544881
7835156614
7744109355
7821084249
7531569763
7610197565
3747050747
4978546217
4659415135
7467207356
1349301297
7792948944
7759271310
7771851941
5034142032
1498072134
7754280514
74159730
5554195709
7701901642
3003963080
7629690382
7696580466
7684671731
7597638267
7695398622
4793987415
7700332018
7247145464
5645198890
7697172664
7693091788
7693143487
7423499585
6185286012
7402953853
7613872570
5102011931
3609543156
7685703765
3429316739
7681824790
7084325573
7164440557
7401940560
5581153686
5202959172
7278448636
7667681511
7670438074
7007423904
2954059785
4736089053
4812413391
7596769553
7664628727
7650772778
7659963129
5360317674
6154249001
7649718672
7648140825
4293407995
7638702803
7629044302
7631480612
7598095581
7627784055
7600974278
7025260235
7619431783
4628581089
4741786680
7486933515
7620757416
6014281878
5770186839
7604645368
7335192568
7559853928
7618356205
5623234099
7540964595
4353052538
7610162543
7613377980
1865602440
7063270562
7603434473
5498727617
7594836928
7310244561
292121248
2219551182
7588611997
7592681591
7584173310
5575678782
7636897507
8042102232
641328479
8101209724
8125210836
7755920184
7389663225
8133671693
7210642213
8137047537
5262119428
7886886939
7862006640
8133739608
641328479
7943492493
45647200
8133671693
2488846089
7636897507
5409600436
7839046798
3644643743
7891629293
5644816507
8020383240
7772071565
5272178013
763340193
8113693828
3897377038
7314254084
1224339939
4359580773
7459575474
8106843553
7901493567
2435200080
5510825346
7084325573
7541887608
452992285
4246071191
964900053
8063560734
1121131483
8133497455
5496630302
5262119428
7886886939
7862006640
8133739608
641328479
7943492493
45647200
8133671693
2488846089
7636897507
5409600436
7839046798
3644643743
7891629293
5644816507
8020383240
7772071565
5272178013
763340193
8113693828
3897377038
7314254084
1224339939
4359580773
7459575474
8106843553
7901493567
2435200080
5510825346
7084325573
7541887608
452992285
4246071191
964900053
8063560734
1121131483
8133671693
5510825346
8135312035
183711081
5767990666
4800647955
3380318345
5808051283
6159915224
98611670
5246626917
8112950649
7070531570
5262119428
5090978656
5204050297
6214351606
5435859101
7169750371
7841193838
4653467391
4039363829
8086772870
1230729212
7545798364
4761172438
7997546155
7844157070
4147277525
7499771775
8139135519
1519693152
2594969207
8138022098
5860674260
8100479050
5644816507
8137500118
2743259115
3573167401
7982400148
1554757778
2245788030
8098725070
1923111430
452992285
8133671693
8014871286
4147277525
7825646140
8112001853
8128898679
7636897507
6133566481
4939587811
8130467716
718443353
2663525825
5250409275
8127735832
1515953685
2654266069
1200508191
1675498236
935862225
2683870761
8011174994
5135510651
7315395306
7857329309
7389663225
7879413693
3731072916
7913159794
7401203799
3508623138
1491460148
8129307307
3611843145
7154418671
7841636978
7493311045
8076760951
109653646
7745643706
1551741465
7702697279
7464367426
5767990666
8106843553
454670083
4063711763
2048390793
8046852240
1862891206
8119170234
8083643027
5664894912
3408524962
5014501508
8118879494
5462509486
5665347992
8084493808
8031380081
7756347378
198053004
1251699276
4497953683
2797703043
7607260893
4800647955
7901971972
1012035258
1144297013
7880481417
2967480188
7652202068
516478005
5767505619
7519162499
7583390993
7465344462
1284152869
7246675217
46450469
5518964568
1968346321
2047988274
3608815055
8133759403
8101209724
8024188734
3380318345
5039496555
8129507223
8135768416
7636897507
8133671693
8027482568
8126845182
8127578183
641328479
7210642213
2429706072
8125646569
7389663225
2455460535
4070578697
8125210836
8134389858
8024053666
7365909932
1900693887
7529098429
7982400148
7714749028
8133313217
8137525149
1879596619
4979257998
6192365423
452992285
2271599459
3107885875
4722738328
3122324386
8116293546
7636897507
8040400290
8126164670
7172510104
7084325573
7551999564
8132972571
8098812825
8111157041
8127735832
1284152869
2488846089
8133671693
5039496555
1772599091
7169750371
5100303763
7580943683
1103111831
1772599091
7990914999
4759260392
5039496555
8135312035
7636897507
8133671693
5064195440
3741215631
2324501173
8070333317
7814576940
5510825346
8106910725
8014871286
3380318345
641328479
8011174994
7906084885
7841193838
7675509757
7660685216
7862006640
7772071565
5116354132
4824805120
7021680843
3044960868
807550862
5590604065
5204050297
1347359472
1064603209
7991835824
7941087895
7636589894
7821084249
7597929648
4486020847
8007176787
2983442301
5576644855
2671828069
1230729212
7992316139
7459575474
4717559801
8052157724
4147277525
7973446968
7408542074
5736571441
7967656638
7339181586
945282644
446107235
3492946086
3719230695
4037876248
7265498465
910378866
7208505278
7986264448
7197999763
5815434665
5466798284
1284152869
4540217056
4761172438
7917268404
7597654398
3997410233
5301004434
6155952069
7846760168
488441108
6205155632
1497041270
8003554932
8007776490
7607260893
5216555091
4417624921
7880305176
7169750371
4943458505
8008985704
7486012726
7928699641
7035971353
5660722802
1828060637
5672071733
8055456419
8098812825
8135768416
8130467716
5140314382
7636897507
7280926057
8133671693
5220827096
7978177707
2654266069
3741215631
7895628228
7994066035
8131558702
4044636844
2271599459
964900053
7819743388
7169750371
2241962092
8130808724
7219986883
3104296071
6183504863
8133671693
7788663912
3655445264
4848133253
1550778245
1675498236
2048390793
5803809624
1785129078
5199238967
4443249877
3654021582
3000969998
7857347669
3447423803
3168795118
7981375015
3134589718
1230729212
7688622083
3551589503
3849492353
4447426862
6110576037
8046852240
7840777346
2749688682
2312989242
7006676396
1704995437
4790719837
4423581683
1829992421
5805872774
7391866305
7757966941
7950745295
2704980076
7941087895
3339753557
3385602132
2985228635
7885591006
8057147394
8105476965
7912803466
7906084885
4978546217
4761172438
7978177707
2488471037
8011709523
4074631753
5588719774
86783034
3570491737
452992285
3644643743
1451382255
2212044044
7174109847
7169750371
2538984403
6169979334
5159408426
7744855082
3800736512
3628272890
2838590266
4904380243
7179169918
3511144967
7977328990
8089051969
7141421152
7745643706
8100479050
4625566627
5478113443
5111905237
1246721696
549182416
5466894288
7604827935
8133671693
8025189314
8013252053
7199657260
7925673967
8121283956
8137789264
7636897507
3107885875
5192891052
2324501173
7978177707
8127578183
3644643743
7187603408
7717332135
2488846089
8133671693
7788663912
8128606917
2487649655
547342376
8084617962
5767990666
8011174994
7070504152
4009975564
7329057432
8005463986
7972394980
7911654770
7021358345
4208303625
7958737024
3878759226
5857373749
7957375442
7666578734
7937422168
7911299068
5204050297
5790991443
7950855904
7938295061
5861598101
7871167248
1433877650
7917300399
7759271310
7916824001
7351006573
7370913235
7671831404
7798629609
2797703043
5561401248
7891629293
2488243640
516677917
7905862558
7903882851
7797082238
7904424534
7761037288
7911070655
7925833952
7888065329
7914886129
7923595228
5248598394
7674171725
7597929648
3134589718
6192365423
7401203799
7143098482
5272178013
7862006640
2998152303
3731072916
8118009715
3611843145
7343648069
2453727257
7906084885
7648240800
7769146156
2741894375
7284513650
7981278616
5064195440
1772599091
6120467545
2749536402
8133671693
7247510252
7857329309
5405437685
2858877752
7804666207
4260573239
7408001649
500317
7846760168
5159408426
7745643706
5859697780
5586203775
981849398
4574384774
3281983250
3168795118
2459532036
5588298492
2001011629
5467495469
952640881
1726098902
3962746770
1101662633
45844
4137923639
3454689924
5462389593
5714876818
3036823527
7071070195
5045849817
7093744190
7436998576
2870261609
2380870642
7141860740
6154427693
7184001632
7566668064
4111158761
6072224440
7038776866
609732596
3907369577
3576278173
1250607050
3697121908
4110271349
3195591907
2260071887
4397032721
2932014732
3280193453
3432280217
7178442433
4190252576
6141984703
6046310594
6181548073
5784985426
5646034352
4138440021
4695599901
5080048460
4765877187
4668020981
5471076076
5695596326
5467902777
1723529217
4437310226
8101209724
8133671693
7969401717
7973802843
4447345791
2671828069
5857373749
7339618898
5399818882
5824335218
76192523
6031135012
7946673624
5360317674
7743916056
7339181586
4597600327
4172033994
7150199699
1029397974
7819858279
8047722487
7509730343
8135312035
8101209724
7636589894
8133671693
7636897507
7465925067
7597929648
8070389518
7620757416
8063018941
5017434373
8012848164
7541887608
6192365423
8129657830
1572914900
5641217609
2605803170
752787430
8129735407
2854783088
7164440557
946071677
5272178013
7904467680
2040462731
5602222347
1545452675
2862297800
2429706072
4806091584
7169750371
3057955650
3897377038
5262119428
7607260893
7607399302
8057371027
1280836678
8025771027
8042932432
3394245029
7905515744
3607564138
2455460535
7004432106
8122608249
8025189314
6128257240
2749536402
2983442301
7814576940
7481843196
8118009715
7990914999
7604645368
4127113900
2036346523
7401203799
7891912196
5800275331
8059173747
8007176787
5785240099
8133671693
7572058076
2594969207
4287227082
334316462
6117955347
5370280139
4135634562
1255458780
5344607770
8088915013
5576808307
5390523708
7894561260
2291520270
1550778245
4397032721
3876752130
5788209844
7938458761
7459575474
7973802843
8063018941
7792436716
7317285897
7235055511
5528134601
4048162769
7946673624
1246721696
4067177658
8042109819
3863959618
8048764992
7912803466
8064334769
7517201158
7571456371
5580733245
3829378739
7467717834
4447345791
7802790789
583629137
1844129870
1572914900
8133671693
7070531570
8043994153
8026375606
8062488884
5213737461
7993365227
7210660908
6197706591
4777431202
7527811892
3306338159
7210304033
7928533474
6197654071
1892575825
4525596746
3843391858
7994009737
1645409948
7187450244
7468622507
3993525058
6007316431
2875298101
7526226644
2497244919
5090271082
1400448337
4399923664
7974046243
4287695081
60539156
5422601330
7270260950
1681756199
7964880103
7897428188
1848072405
815204959
7794822523
7798375335
5604706244
4314345802
3992249462
7143947749
4102330078
1169313225
939083690
7326128949
5680625975
3913978607
1721615482
738691
2913911626
1628682899
1599537350
1238063648
1557091122
8056335594
5664894912
7509730343
7929700205
1744140354
7891912196
7936920738
8133671693
1458297876
8118009715
8083371980
1464656840
5602222347
4655768730
2738721399
8046852240
7870796607
1985862559
5322769570
763340193
7169750371
2461715807
2749536402
1565550935
8116095983
7203425271
7685957586
7070531570
2063450148
7155040758
5563533006
8111157041
1911080826
1519693152
3622393007
359716895
8137500118
7636897507
935862225
8133671693
6055906802
8024518741
4713945459
4447345791
2663211288
8042468234
8128606917
6161847158
477956290
8100479050
3613519508
8113387290
7906084885
7006676396
4246071191
8116095983
3611843145
7584173310
3932699624
7821084249
2229133802
2556894169
8083643027
4905632920
5360740437
5749468235
7857329309
3408524962
354738754
7724620926
3385602132
5432481001
8075248869
3065876911
8133671693
7627640075
8014871286
2032084969
5664894912
8063560734
8101209724
7928221684
452992285
3177064213
8100479050
5510825346
8050549832
8042468234
5644816507
2424847055
3842982227
4063711763
6150010777
7814576940
8121283956
2453727257
4079470962
2738721399
8083643027
8106843553
8005375715
8024188734
436877305
8070526952
7983799584
3110119314
3222358417
3927581133
8011709523
2291520270
3664556044
7821796030
8096702249
4540217056
8057371027
7977311415
8112147037
4748276813
5526961411
2854783088
1515953685
1347359472
3419130806
4761172438
7085777827
7780842587
4334479277
5457005082
158487475
8083371980
4729991305
6169979334
7912803466
2955860818
7997546155
7936606562
5783090223
2562428110
1491460148
8027482568
6027375447
5013556613
2764546533
1850438331
5198961966
7513451449
5073502936
1491167264
7653449305
8063939155
7991835824
7255970453
8048764992
7977328990
7596762893
1707272259
2669553713
6164854562
1814341878
2819183285
7622196836
7536707420
4059050309
8031217349
919492403
7764958536
99245268
488441108
4447345791
7132939620
330379318
8011725779
5159162381
4044302157
7933708157
8025189314
7853265723
6154087684
3524121235
7059126668
3677201615
7895628228
2718905365
7722826899
7169750371
6148993678
7615057294
4172033994
7978177707
6161847158
7685572332
8004903503
3997410233
7985965793
5713827593
2226983724
7607260893
1615260961
7695398622
7023275391
7837000208
7250544881
5857373749
7964928235
7891912196
7794935578
7571651296
4970745476
5216590200
6028949436
7887453485
7851937582
5607987454
3205664591
4800647955
7747178809
7962091865
3008058517
7659963129
6155952069
1645650666
7730323706
7969178530
2967316789
2806360667
7758271565
1746121088
7317285897
293831020
7953602202
2761793079
6205155632
1280836678
3683896681
7923581258
165264298
7492391733
7967722099
7747093419
7684671731
4208303625
6016180047
7816075025
4297481828
1603413104
1963766135
7683935209
7160585125
5623234099
3044163317
4676728098
4841324972
4800650008
3526009
7007414109
7207520586
5334313577
5853599670
2547027156
3605129737
766815714
2880952525
7792618683
7006702307
4443249877
3486546164
6176881925
5736571441
7708310166
7169139755
8127578183
8138778050
7636897507
8132972571
4070578697
8137340782
8133671693
8126909419
8084178392
5014501508
8127735832
6219556958
104348086
4009975564
8117429803
8112581623
7666956871
7943492493
8108564546
7401203799
7695398622
8103723800
5794646389
7780811300
8092936236
3946504185
681552864
5311491441
7139034538
7521087273
7601611937
7563693796
8133671693
8138022098
7645561894
1066962097
1489351933
7853056854
7610342913
281623864
8050703845
1585117397
6054994930
8116620723
7822542818
8046643479
7973093670
8011709523
294124376
7070531570
7876405841
8118879494
8118103655
7584124608
7998836056
6157019873
5334650963
8112950649
8103196063
1912369797
5201812090
8093036101
8020716621
8077118965
7893343567
7160585125
8075111657
8112581623
3380318345
8048409872
8081746865
2616227236
7941523673
8092682750
7772127008
7943492493
7836612568
8092936236
7982400148
8074310677
4578228265
7234473097
2318382920
8077841175
8091043264
3502102330
8055488806
7981561722
7688548727
8025189314
7685541400
7879413693
5559444984
7202299976
7950035856
7070504152
8066950991
7628382342
6081504433
7199423256
7890095192
5542237822
7841417634
7668686635
4466821978
7664849993
7694754460
4234258101
7807834445
7590404355
7834741903
7634195582
7460454365
3058245397
7715874668
7708067914
7383514765
7351253366
6150242160
7666956871
3408920459
3544208542
7213158446
7632572239
7423127065
7512145309
7509730343
3040729502
1911080826
1755878817
3897377038
7552087737
3177064213
8133671693
8005375715
1572914900
7636897507
1747159299
7886325480
2429706072
5784844026
8057371027
7533963284
7138482406
8113290234
8127578183
7906084885
8046852240
8042468234
641328479
8105354747
5371551485
8083371980
7152936545
7401203799
3086075774
7876405841
2027542620
616584471
6174636999
7886098497
7970468717
3233464532
7339618898
7314573057
7604645368
7675509757
4486020847
7740666933
6016180047
5204050297
3198289493
5759857142
7974228649
4715829338
4597600327
7973802843
7570213879
3384090824
5435859101
7151367965
7571456371
7445856603
7943492493
7985965793
2657645696
7892122655
2508288495
1261775344
4851450133
2291520270
4195251420
7278134853
7862006640
7745643706
8001274917
7841193838
8025189314
2671828069
4544044040
3215388488
5588719774
7616019537
1405716475
2320445001
8048764992
7977328990
5159162381
7592677951
7830215574
2669553713
3938807872
6159707242
7772071565
8047772065
5073502936
7455308183
4356574912
6205155632
6154087684
5111905237
5015032248
1707272259
7408001649
4729991305
4957889038
4796938144
8011174994
1064603209
7991835824
7481843196
5351546575
6192365423
2690017279
7415286424
4044302157
7023464128
7169750371
4051967320
7463912410
1497041270
7198494059
4147277525
5466798284
5348264961
1675498236
2538984403
7708615616
7992316139
8015369941
4761172438
8031217349
339777077
4824805120
8136873354
4768343904
4114496826
7930274195
7636897507
5815434665
5784844026
4574384774
8133671693
4048162769
5324275145
2324501173
8101209724
452992285
5262131877
5664894912
2229133802
7339618898
7992316139
6052977241
7814576940
8138025480
8135312035
7636897507
1572914900
8137500118
1828060637
2429706072
7627640075
3508623138
8074307257
8138022098
8133671693
7978177707
8075248869
2324501173
5790861491
7780811300
7917453428
8130157710
7636897507
3243638039
5860674260
8062960821
8133671693
8101209724
5314002266
688520267
1458833935
4943847781
7747093419
8137783696
5664894912
8121283956
8135312035
7048388442
8012848164
1900693887
2429706072
7757453856
7891912196
8063018941
5370280139
7862006640
8138022098
4147277525
3938807872
3177064213
8024188734
8133671693
2713598918
7547833456
5262119428
7169750371
5644816507
5111905237
2291520270
8101209724
7460319393
3897377038
7239750062
8096083847
8133671693
7862006640
3107885875
8101209724
293843705
7982400148
7169750371
4397032721
7870796607
3510817541
8007176787
8064334769
7567247346
11024454
2473095541
8063018941
2671828069
6205155632
8030016080
8031217349
7933708157
7585080630
6090219057
7007414109
981849398
5445921656
7660685216
7911947849
1522644761
1919946373
293831020
7814576940
7891912196
7722826899
2905204609
7152936545
7466128032
5204050297
7237764657
7638989953
7946673624
7954054301
7788014696
7958552299
7685957586
7620757416
4720061917
7875706427
5863973537
2899180173
4371761722
7876088791
1675212804
7004432106
3519609649
5816266214
7871815496
7880481417
7880774233
3934696913
4970711952
4399734872
5816821690
2247691861
7862565755
6164667544
6192365423
4172033994
4118486048
7166472660
2915507879
3023604000
7676518525
7758945314
7234838243
3623551634
5182635461
6100825065
3486546164
7557721889
7834266320
3806444755
6160831233
4801900965
1932074880
3115624845
2704811689
7821320525
7443922350
1643695496
4776776185
7780842587
2032084969
4692539191
7489506425
2201611515
7816874476
522349669
7775573830
1419265496
4878069820
7070531570
7499289080
4162088136
7655763035
5606051644
7764138719
4865628265
7297167922
5087891800
7171860604
5152708861
2219872087
3639386670
5047014861
5117100572
7175240546
7715175191
2731190407
7700741990
6186932905
3225657985
7490849114
7551628563
1823732378
3718598783
7681824790
7624381258
807583437
7678434648
2660153149
7659717970
292121248
7166818701
5360317674
4736089053
7509730343
3572694965
7660101494
7635396624
2066261190
4232980905
3150732647
7612314885
1871908312
825017402
1334748495
7057729188
7604645368
6107399720
3705759452
4471733757
5342971423
7235086459
7610162543
6150070929
7564159867
7536707420
5615686827
2641110292
7063270562
275684817
5262119428
4735958765
4973427152
2954059785
6177679476
4386664316
7556239913
234504206
7593461662
5102011931
3634086178
7085146644
5626007958
7568758726
5673757083
7495807256
7059035934
5457338050
7013519777
4912817419
584290002
5378065903
4146453916
5097656891
5713827593
5664894912
5144261476
5167425366
4814874228
7026332359
3416504503
3953762346
1832900254
6088171026
5842405799
7620456881
8133671693
8063560734
7084787679
4655768730
2839777469
3637809516
2748088469
5713402680
7985965793
7039612703
7152936545
6192365423
7885591006
492710703
5237405510
7155152018
2023847326
7640108680
1230729212
1910306993
5334313577
5370389138
7910006668
7023275391
7821501574
3476158337
4988507254
5028578679
4103060975
7990341968
2541940589
3705759452
1413455946
6154087684
4301788906
6088171026
7488831524
6197101675
4447345791
6214351606
7871815496
7603556497
3243962700
7802141739
3324189970
4172033994
7741429607
7902609211
2349637180
2200243376
1921526550
516493339
7880214695
2065962010
7805957402
5479234870
4970711952
4362991111
7676518525
4373343664
1563357620
7595107345
1675940511
4622531351
2450285258
7210862095
7747093419
7759271310
5621687135
2445316392
5345943459
5539198082
7724404730
7777445214
1013772050
7742910354
4717341787
7616001562
2704811689
7765569363
3956872941
7357529984
2674335385
3038635445
7203195298
1587072695
7536944798
7274944028
7652777092
7304754156
1194090437
4391687162
1216064808
4295879336
1326247370
2660153149
2258854798
4972255295
2726373485
1099935297
4840176862
5047014861
7377860371
7051875144
7047313547
694718512
7622196836
7184001632
7030408853
1216777660
7019443622
3282073857
6160223434
7617719066
5042679266
3486210794
4746931509
4111158761
7577081866
7235086459
2603971832
7488442098
7171860604
5588719774
1817798073
5420701813
7470284172
4410101257
6051428506
7628655485
3722066544
7665853052
1706564746
5778356756
639002341
7584173310
4735958765
6120824352
2066261190
7373473609
7160585125
2695706852
7550902702
2233776191
3718598783
4597600327
1335344408
7035414564
7207520586
7634018087
7596605674
2927717562
7620757416
8120169495
8120169495
8133671693
2349305405
7706370870
7875490671
4848602535
8001863489
4070578697
7587811582
7841636978
5014501508
7179773990
8127578183
7636897507
1772599091
7169750371
8137525149
7895628228
3849492353
8133671693
7982400148
8137664673
4729991305
104348086
3999911378
2318382920
4352478518
5373679255
6178972374
7597929648
3949370161
7814576940
7094911284
7821501574
7965367298
7212847145
7314573057
8133671693
5014529460
7978177707
8101209724
8137500118
8137525149
1749976506
7986930009
7607260893
7818635812
6168698562
5039496555
8133671693
7963433100
7973381509
2040383560
8098812825
8126845182
8070333317
7006676396
7853056854
7584124608
8011709523
8126549745
2333695872
8057018293
7981732308
8011174994
1403432134
7857329309
4335174693
1551222699
8112147037
8057147394
7910067889
3854580011
560367032
7876405841
8107912986
7025260235
8106880683
5192891052
7637934857
1851190646
4396916716
8103320724
4406256420
7874202647
6178972374
7695398622
7995603618
8008042265
4447345791
7202782494
8033160223
7957854715
7886098497
1129088307
7910342964
8070526952
2641110292
7719772355
2538984403
7706370870
7189893133
7020341169
6146767267
7973802843
4074631753
7912803466
8071372704
446107235
4544044040
5250409275
3849062422
4741691752
7685572332
5780643281
29695241
5224312865
5466798284
6172798192
8061373512
6205155632
7464367426
8041087884
7985965793
7791273785
292523651
8045650581
1284152869
7980245254
8038427042
246679578
8025189314
8029526459
8029598059
7961019343
8023316865
7576861673
8021519140
1347359472
3419528807
7917455487
8009271698
7206131334
7822060381
4147277525
4497953683
3878759226
164035251
7584173310
7211438603
5756311731
5617963055
5576644855
3948698860
7794935578
3508623138
1601404123
4009975564
53223054
7821084249
7600036135
7972875775
7339618898
7165014644
3507523956
7588616227
1531487917
475931964
7885664761
7609447120
1327361278
1313069050
7510478838
196973300
7606524314
141155928
2274032935
7915473273
884147098
7905483623
7743916056
7257621519
7802141739
7895430266
7880305176
25725878
7329832623
4135726031
7816075025
1306551453
7676518525
5373679255
6034317793
7550056941
4070277727
7212952512
5562911851
7708570243
2005153091
3454387246
1953188188
1377024371
1889686397
7269102598
7441764767
1522506045
264177237
6195416205
7287426238
5110464137
4620222449
1538233281
7253341321
4396439415
5230108585
1301149606
27108097
7113791497
4921448832
4994246606
7064609005
4078251142
1230036769
6230989883
5485286032
1051193717
127440296
1951469041
1759846071
134314840
978383609
8119929485
2277233839
7308580654
8105476965
8133671693
7143098482
7235055511
7393777786
7018562253
1246721696
5713827593
2401127762
4557670259
935862225
7648240800
1129088307
7343648069
5014501508
1230729212
5409600436
8127926406
7960661650
3476158337
7303021065
4147277525
5368533266
7167921978
3380318345
8085361948
7857329309
8057927632
7164440557
7946673624
7339618898
4297481828
5749468235
2488846089
3878759226
7814576940
1901090558
8106843553
3243962700
7869235271
5664894912
7404223823
3731072916
7688622083
7967656638
3559994556
2538984403
7428812030
8133671693
7764231
2271599459
7857329309
935862225
8106910725
4800647955
8111157041
7540549111
4979257998
8076760951
7973802843
7943492493
648902359
7969401717
4761172438
4970711952
7571456371
7587754189
4457402784
7978177707
5808051283
7946602558
8048764992
7169750371
4906655616
1137481584
8073701434
7059126668
4447345791
7517201158
4039683015
7814576940
4044302157
8015210831
5373679255
7910067889
7808863521
5028578679
7970026584
8031217349
7448496993
7339618898
7933708157
4540217056
5588719774
7722826899
6205155632
7788014696
7607260893
1891320117
7946673624
7902609211
962835839
1165449388
3747050747
5216555091
7905862558
6164667544
4111158761
7724404730
6192365423
7758945314
7676518525
7834266320
1306551453
7315395306
7821342661
7489506425
3709355749
7747093419
7798375335
7757077187
4497953683
7792948944
7775573830
5251228334
7770021708
7764138719
7768893112
4827140107
6033698668
7732912047
1898492789
2318382920
5368772209
7723799136
5478113443
7729729211
7696580466
7354075677
5214235663
7084325573
7164440557
7630809152
7635396624
7651914717
4114812597
3640789589
7485931881
7459228866
6197101675
7638702803
3137855817
7600670246
7590512048
5342971423
7610162543
7589154628
7550568829
6171546938
1823732378
2641110292
1889686397
5713827593
653292173
1516956889
7387706470
6223539365
5815434665
3461349408
7314254084
5378065903
795252560
3110905012
7509228136
7509170044
7568758726
4904817985
5729177568
4352478518
5587518314
7005556925
4581766814
7135944666
7145864844
7171860604
5765176830
7340006427
7470284172
7484507096
4041146259
4386664316
6052037436
7477324327
5770186839
7032455649
8014282162
7761238344
3660956655
8047025528
8090200360
7533563126
8133671693
7164440557
7857329309
6151645713
4006106864
7977311415
3609543156
7817702146
7912803466
7771662967
7656876568
8018690121
6197360727
2820861014
1121131483
8013484167
7470611047
7220334872
7532795000
8133671693
7866787382
1973524162
4074631753
8083643027
3644643743
7666134069
7928687478
5039517228
7862006640
8105476965
7085777827
7378261199
7973950577
5320899405
7523532708
4092959215
5303391292
4359512208
4893621650
7459575474
7517201158
2663629535
3811433890
8028113306
4799809092
7841636978
