4223520668
1199455733
4967484746
7126967130
3710087131
7812432235
7460681690
4620473311
2761135006
7463882607
1883446193
8125227265
7006002550
2327923301
7367904175
4976410994
3983128564
495923809
4609850319
5669446512
1908669036
2640440313
417293852
2506141983
6078009679
4425911237
1100993174
1385893746
7678757321
7310958564
7981768512
4777138235
7402508163
7685777314
8041070615
8023316865
1606675824
4938416630
6216581031
333567740
7938799251
7923301224
8177827632
3685449783
4540212524
4671510141
2635400291
3287760840
4239302941
8178822677
7087279100
4901317093
7198157336
7563599030
3271837005
7753077034
7688717473
7296456799
5742064962
8068459969
7205681972
4159916728
3291822388
281684755
8117693600
7019397577